	ImageNumber	ObjectNumber	Intensity_MeanIntensity_Ch01	Intensity_MeanIntensity_Ch02	FileName_DAPI	Sample_Name
1	1	1	0.097782668	0.084313728	Neg_1a	Neg
2	1	2	0.165778602	0.241536982	Neg_1a	Neg
3	1	3	0.172144216	0.221884889	Neg_1a	Neg
4	1	4	0.150874576	0.208577659	Neg_1a	Neg
5	1	5	0.162841822	0.235856861	Neg_1a	Neg
6	1	6	0.170078066	0.248460271	Neg_1a	Neg
7	1	7	0.155823701	0.210742422	Neg_1a	Neg
8	1	8	0.164924465	0.248794608	Neg_1a	Neg
9	1	9	0.139264378	0.225786755	Neg_1a	Neg
10	1	10	0.164823533	0.220692817	Neg_1a	Neg
11	1	11	0.156765593	0.13416358	Neg_1a	Neg
12	1	12	0.175359217	0.154957533	Neg_1a	Neg
13	1	13	0.165822788	0.178447923	Neg_1a	Neg
14	1	14	0.161862749	0.134473044	Neg_1a	Neg
15	1	15	0.157115172	0.166256483	Neg_1a	Neg
16	1	16	0.169324824	0.1589458	Neg_1a	Neg
17	1	17	0.238563745	0.209068017	Neg_1a	Neg
18	1	18	0.169764141	0.145223079	Neg_1a	Neg
19	1	19	0.186656805	0.106955237	Neg_1a	Neg
20	1	20	0.186307376	0.113221605	Neg_1a	Neg
21	1	21	0.171685785	0.183540926	Neg_1a	Neg
22	1	22	0.215365424	0.146024961	Neg_1a	Neg
23	1	23	0.194509809	0.123179654	Neg_1a	Neg
24	1	24	0.195311487	0.145083574	Neg_1a	Neg
25	1	25	0.09616036	0.091780001	Neg_1a	Neg
26	1	26	0.117797314	0.087145972	Neg_1a	Neg
27	1	27	0.161246311	0.136164388	Neg_1a	Neg
28	1	28	0.189032237	0.235341468	Neg_1a	Neg
29	1	29	0.147222226	0.190686279	Neg_1a	Neg
30	1	30	0.152081371	0.169738915	Neg_1a	Neg
31	1	31	0.115905576	0.089293088	Neg_1a	Neg
32	1	32	0.126757374	0.105335469	Neg_1a	Neg
33	1	33	0.119286812	0.170761104	Neg_1a	Neg
34	1	34	0.182030284	0.175353689	Neg_1a	Neg
35	1	35	0.109723186	0.083114189	Neg_1a	Neg
36	1	36	0.132785563	0.099470901	Neg_1a	Neg
37	1	37	0.122852561	0.104347221	Neg_1a	Neg
38	1	38	0.131354564	0.087078014	Neg_1a	Neg
39	1	39	0.120995068	0.107976526	Neg_1a	Neg
40	1	40	0.166722404	0.103835437	Neg_1a	Neg
41	1	41	0.128536957	0.10580694	Neg_1a	Neg
42	1	42	0.16365142	0.214701532	Neg_1a	Neg
43	1	43	0.145954313	0.128850517	Neg_1a	Neg
44	1	44	0.185898365	0.150860348	Neg_1a	Neg
45	1	45	0.08546802	0.102726954	Neg_1a	Neg
46	1	46	0.11396232	0.13917738	Neg_1a	Neg
47	1	47	0.146969362	0.198948786	Neg_1a	Neg
48	1	48	0.130621706	0.188750164	Neg_1a	Neg
49	1	49	0.227559584	0.178377078	Neg_1a	Neg
50	1	50	0.153114829	0.125873675	Neg_1a	Neg
51	1	51	0.173666147	0.149892366	Neg_1a	Neg
52	1	52	0.261566229	0.215950927	Neg_1a	Neg
53	1	53	0.198362718	0.195193773	Neg_1a	Neg
54	1	54	0.151053926	0.223660138	Neg_1a	Neg
55	1	55	0.141897604	0.179780918	Neg_1a	Neg
56	1	56	0.13945813	0.212768497	Neg_1a	Neg
57	1	57	0.126101548	0.23758295	Neg_1a	Neg
58	1	58	0.126278777	0.191176474	Neg_1a	Neg
59	1	59	0.178420108	0.182679743	Neg_1a	Neg
60	1	60	0.131797784	0.116615485	Neg_1a	Neg
61	1	61	0.125795094	0.208421391	Neg_1a	Neg
62	1	62	0.313949589	0.20491877	Neg_1a	Neg
63	1	63	0.187364857	0.163194066	Neg_1a	Neg
64	1	64	0.238092615	0.181239072	Neg_1a	Neg
65	1	65	0.220600758	0.195477685	Neg_1a	Neg
66	1	66	0.139005105	0.150807249	Neg_1a	Neg
67	1	67	0.123737241	0.177139246	Neg_1a	Neg
68	1	68	0.208081063	0.22868981	Neg_1a	Neg
69	1	69	0.212683207	0.253663999	Neg_1a	Neg
70	1	70	0.176168933	0.148059788	Neg_1a	Neg
71	1	71	0.146282902	0.133574504	Neg_1a	Neg
72	1	72	0.142108876	0.157786009	Neg_1a	Neg
73	1	73	0.131628762	0.15437386	Neg_1a	Neg
74	1	74	0.15930603	0.161338675	Neg_1a	Neg
75	1	75	0.181893774	0.141648056	Neg_1a	Neg
76	1	76	0.173978871	0.141428801	Neg_1a	Neg
77	1	77	0.192106591	0.166230941	Neg_1a	Neg
78	1	78	0.179453786	0.165840339	Neg_1a	Neg
79	1	79	0.216127458	0.195669939	Neg_1a	Neg
80	1	80	0.171723431	0.161802549	Neg_1a	Neg
81	1	81	0.07997805	0.110562294	Neg_1a	Neg
82	1	82	0.108503206	0.188730347	Neg_1a	Neg
83	1	83	0.098190825	0.149656362	Neg_1a	Neg
84	1	84	0.189724358	0.211889748	Neg_1a	Neg
85	1	85	0.188610405	0.244489921	Neg_1a	Neg
86	1	86	0.138189976	0.170478511	Neg_1a	Neg
87	1	87	0.168174966	0.245801919	Neg_1a	Neg
88	1	88	0.174610127	0.262033752	Neg_1a	Neg
89	1	89	0.123480881	0.145127164	Neg_1a	Neg
90	1	90	0.184899039	0.221153065	Neg_1a	Neg
91	1	91	0.133355369	0.141639132	Neg_1a	Neg
92	1	92	0.138084957	0.12643883	Neg_1a	Neg
93	1	93	0.122079424	0.137106612	Neg_1a	Neg
94	1	94	0.086045667	0.094668957	Neg_1a	Neg
95	1	95	0.179445575	0.205687473	Neg_1a	Neg
96	1	96	0.095988725	0.108650521	Neg_1a	Neg
97	1	97	0.168320665	0.187701751	Neg_1a	Neg
98	1	98	0.138658925	0.138626649	Neg_1a	Neg
99	1	99	0.187860328	0.122974771	Neg_1a	Neg
100	1	100	0.148794751	0.148956651	Neg_1a	Neg
101	1	101	0.213168373	0.159438539	Neg_1a	Neg
102	1	102	0.139455667	0.165829679	Neg_1a	Neg
103	1	103	0.082486964	0.086810596	Neg_1a	Neg
104	1	104	0.089693928	0.082281208	Neg_1a	Neg
105	1	105	0.150478635	0.16828583	Neg_1a	Neg
106	1	106	0.135633378	0.159346793	Neg_1a	Neg
107	1	107	0.089378341	0.085773124	Neg_1a	Neg
108	1	108	0.093242718	0.080915556	Neg_1a	Neg
109	1	109	0.133362386	0.173120313	Neg_1a	Neg
110	1	110	0.045449976	0.07273337	Neg_1a	Neg
111	1	111	0.13311178	0.187249367	Neg_1a	Neg
112	1	112	0.123727379	0.153167425	Neg_1a	Neg
113	1	113	0.133978531	0.179232828	Neg_1a	Neg
114	1	114	0.105167312	0.114608126	Neg_1a	Neg
115	1	115	0.125172444	0.212454474	Neg_1a	Neg
116	1	116	0.126372125	0.139695184	Neg_1a	Neg
117	1	117	0.120208279	0.128192142	Neg_1a	Neg
118	1	118	0.116876754	0.093337337	Neg_1a	Neg
119	1	119	0.046799853	0.083351834	Neg_1a	Neg
120	1	120	0.124166671	0.160009808	Neg_1a	Neg
121	1	121	0.165388798	0.156335045	Neg_1a	Neg
122	1	122	0.197114707	0.097724273	Neg_1a	Neg
123	1	123	0.170686771	0.261020799	Neg_1a	Neg
124	1	124	0.171747445	0.225749175	Neg_1a	Neg
125	1	125	0.165542343	0.234859602	Neg_1a	Neg
126	1	126	0.148252348	0.142369996	Neg_1a	Neg
127	1	127	0.200860292	0.267325856	Neg_1a	Neg
128	1	128	0.17759246	0.103042941	Neg_1a	Neg
129	1	129	0.148099738	0.109600583	Neg_1a	Neg
130	1	130	0.17515141	0.123679323	Neg_1a	Neg
131	1	131	0.095159023	0.075110238	Neg_1a	Neg
132	2	1	0.13600307	0.084779973	Neg_2a	Neg
133	2	2	0.09949536	0.070796258	Neg_2a	Neg
134	2	3	0.158884807	0.132209972	Neg_2a	Neg
135	2	4	0.162889114	0.137764488	Neg_2a	Neg
136	2	5	0.155758749	0.143370927	Neg_2a	Neg
137	2	6	0.111869242	0.139408918	Neg_2a	Neg
138	2	7	0.122764934	0.123103993	Neg_2a	Neg
139	2	8	0.154165109	0.109204448	Neg_2a	Neg
140	2	9	0.162975782	0.141816089	Neg_2a	Neg
141	2	10	0.202318909	0.246995008	Neg_2a	Neg
142	2	11	0.169400721	0.194399342	Neg_2a	Neg
143	2	12	0.136703767	0.12695284	Neg_2a	Neg
144	2	13	0.158724349	0.109727629	Neg_2a	Neg
145	2	14	0.152890903	0.236084184	Neg_2a	Neg
146	2	15	0.202879908	0.202095594	Neg_2a	Neg
147	2	16	0.110592115	0.123170854	Neg_2a	Neg
148	2	17	0.149412605	0.125950086	Neg_2a	Neg
149	2	18	0.129426998	0.121545787	Neg_2a	Neg
150	2	19	0.206828683	0.181446998	Neg_2a	Neg
151	2	20	0.12231373	0.166176475	Neg_2a	Neg
152	2	21	0.127921035	0.18004298	Neg_2a	Neg
153	2	22	0.213385116	0.225015588	Neg_2a	Neg
154	2	23	0.163052513	0.248047532	Neg_2a	Neg
155	2	24	0.160918998	0.2763478	Neg_2a	Neg
156	2	25	0.133473037	0.092630846	Neg_2a	Neg
157	2	26	0.122870187	0.089410076	Neg_2a	Neg
158	2	27	0.134411021	0.17638827	Neg_2a	Neg
159	2	28	0.149010218	0.149808622	Neg_2a	Neg
160	2	29	0.188274672	0.21485157	Neg_2a	Neg
161	2	30	0.142817724	0.195511987	Neg_2a	Neg
162	2	31	0.194391553	0.160514764	Neg_2a	Neg
163	2	32	0.172470591	0.191192161	Neg_2a	Neg
164	2	33	0.08786308	0.102492524	Neg_2a	Neg
165	2	34	0.170404415	0.146200984	Neg_2a	Neg
166	2	35	0.152139577	0.195944836	Neg_2a	Neg
167	2	36	0.118854767	0.128259591	Neg_2a	Neg
168	2	37	0.145882357	0.135230529	Neg_2a	Neg
169	2	38	0.177750263	0.105985555	Neg_2a	Neg
170	2	39	0.204378196	0.157937151	Neg_2a	Neg
171	2	40	0.101312817	0.147885664	Neg_2a	Neg
172	2	41	0.140963168	0.14917549	Neg_2a	Neg
173	2	42	0.169899314	0.094764178	Neg_2a	Neg
174	2	43	0.178064219	0.111194442	Neg_2a	Neg
175	2	44	0.140950985	0.122901965	Neg_2a	Neg
176	2	45	0.159426851	0.11197587	Neg_2a	Neg
177	2	46	0.123854209	0.102273549	Neg_2a	Neg
178	2	47	0.106821429	0.144850129	Neg_2a	Neg
179	2	48	0.147762893	0.139071849	Neg_2a	Neg
180	2	49	0.134655553	0.142866806	Neg_2a	Neg
181	2	50	0.083625007	0.091709008	Neg_2a	Neg
182	2	51	0.131857362	0.132320625	Neg_2a	Neg
183	2	52	0.082690017	0.068204056	Neg_2a	Neg
184	2	53	0.142422346	0.118366156	Neg_2a	Neg
185	2	54	0.089349169	0.180649917	Neg_2a	Neg
186	2	55	0.175382971	0.174693632	Neg_2a	Neg
187	2	56	0.127060455	0.134431703	Neg_2a	Neg
188	2	57	0.119756642	0.184135176	Neg_2a	Neg
189	2	58	0.16187735	0.250705056	Neg_2a	Neg
190	2	59	0.165002284	0.190431681	Neg_2a	Neg
191	2	60	0.125893739	0.117636715	Neg_2a	Neg
192	2	61	0.185356079	0.206378022	Neg_2a	Neg
193	2	62	0.122294008	0.131315884	Neg_2a	Neg
194	2	63	0.167782809	0.163076927	Neg_2a	Neg
195	2	64	0.149840795	0.167370541	Neg_2a	Neg
196	2	65	0.123427745	0.119941906	Neg_2a	Neg
197	2	66	0.12930556	0.169011441	Neg_2a	Neg
198	2	67	0.17621162	0.180399559	Neg_2a	Neg
199	2	68	0.146491354	0.180023071	Neg_2a	Neg
200	2	69	0.12611217	0.126734139	Neg_2a	Neg
201	2	70	0.177413166	0.152475712	Neg_2a	Neg
202	2	71	0.150496915	0.170776259	Neg_2a	Neg
203	2	72	0.128006916	0.122447604	Neg_2a	Neg
204	2	73	0.156781984	0.220944952	Neg_2a	Neg
205	2	74	0.165980148	0.151637284	Neg_2a	Neg
206	2	75	0.169973665	0.18996196	Neg_2a	Neg
207	2	76	0.199065062	0.159278021	Neg_2a	Neg
208	2	77	0.150349388	0.121941308	Neg_2a	Neg
209	2	78	0.10729979	0.10327585	Neg_2a	Neg
210	2	79	0.110588238	0.119653254	Neg_2a	Neg
211	2	80	0.338849497	0.267973866	Neg_2a	Neg
212	2	81	0.149647742	0.110364147	Neg_2a	Neg
213	2	82	0.10493951	0.188635798	Neg_2a	Neg
214	2	83	0.188085293	0.205921645	Neg_2a	Neg
215	2	84	0.088844522	0.346490562	Neg_2a	Neg
216	2	85	0.046835161	0.063878329	Neg_2a	Neg
217	2	86	0.178120521	0.197680541	Neg_2a	Neg
218	2	87	0.166733446	0.138663272	Neg_2a	Neg
219	2	88	0.161399872	0.172680433	Neg_2a	Neg
220	2	89	0.146859907	0.160625181	Neg_2a	Neg
221	2	90	0.146568631	0.136791943	Neg_2a	Neg
222	2	91	0.171384436	0.177647062	Neg_2a	Neg
223	2	92	0.140933276	0.129462435	Neg_2a	Neg
224	2	93	0.096048268	0.078310712	Neg_2a	Neg
225	2	94	0.182438771	0.170528821	Neg_2a	Neg
226	2	95	0.185831756	0.219474691	Neg_2a	Neg
227	2	96	0.188922345	0.163856727	Neg_2a	Neg
228	2	97	0.182045835	0.179604698	Neg_2a	Neg
229	2	98	0.102292188	0.124634082	Neg_2a	Neg
230	2	99	0.225122138	0.200053542	Neg_2a	Neg
231	2	100	0.13253573	0.130984828	Neg_2a	Neg
232	2	101	0.152452591	0.146100936	Neg_2a	Neg
233	2	102	0.127058828	0.123794387	Neg_2a	Neg
234	2	103	0.159667313	0.195933788	Neg_2a	Neg
235	2	104	0.12480321	0.12636325	Neg_2a	Neg
236	2	105	0.073067892	0.128308486	Neg_2a	Neg
237	2	106	0.13104682	0.134393566	Neg_2a	Neg
238	2	107	0.091077853	0.076633023	Neg_2a	Neg
239	2	108	0.113807478	0.098196353	Neg_2a	Neg
240	2	109	0.086487641	0.091219098	Neg_2a	Neg
241	2	110	0.13126802	0.132883529	Neg_2a	Neg
242	2	111	0.166755293	0.191303871	Neg_2a	Neg
243	2	112	0.138402511	0.122716236	Neg_2a	Neg
244	2	113	0.167581703	0.140302889	Neg_2a	Neg
245	2	114	0.1527307	0.160418748	Neg_2a	Neg
246	2	115	0.201142863	0.32234548	Neg_2a	Neg
247	2	116	0.083514889	0.079680467	Neg_2a	Neg
248	2	117	0.093895149	0.07897372	Neg_2a	Neg
249	2	118	0.085515163	0.075758051	Neg_2a	Neg
250	2	119	0.10631108	0.085152263	Neg_2a	Neg
251	2	120	0.213114551	0.201704895	Neg_2a	Neg
252	2	121	0.160952822	0.146905642	Neg_2a	Neg
253	2	122	0.143057375	0.162687005	Neg_2a	Neg
254	2	123	0.129976128	0.212871723	Neg_2a	Neg
255	2	124	0.09550562	0.172431523	Neg_2a	Neg
256	2	125	0.094991782	0.094374275	Neg_2a	Neg
257	3	1	0.146674	0.132215506	Neg_3a	Neg
258	3	2	0.165869706	0.146185962	Neg_3a	Neg
259	3	3	0.122368632	0.164439219	Neg_3a	Neg
260	3	4	0.115220592	0.165269612	Neg_3a	Neg
261	3	5	0.11499854	0.071290609	Neg_3a	Neg
262	3	6	0.182124582	0.184912203	Neg_3a	Neg
263	3	7	0.132681754	0.079336352	Neg_3a	Neg
264	3	8	0.112890782	0.099409405	Neg_3a	Neg
265	3	9	0.166951059	0.204385577	Neg_3a	Neg
266	3	10	0.153490699	0.160047462	Neg_3a	Neg
267	3	11	0.110231983	0.07007733	Neg_3a	Neg
268	3	12	0.178384469	0.279810495	Neg_3a	Neg
269	3	13	0.114052291	0.093954251	Neg_3a	Neg
270	3	14	0.119136079	0.101459533	Neg_3a	Neg
271	3	15	0.138251692	0.205679067	Neg_3a	Neg
272	3	16	0.131317233	0.08252505	Neg_3a	Neg
273	3	17	0.156671093	0.157364002	Neg_3a	Neg
274	3	18	0.155161057	0.249067596	Neg_3a	Neg
275	3	19	0.051657756	0.09774213	Neg_3a	Neg
276	3	20	0.135297974	0.109287726	Neg_3a	Neg
277	3	21	0.124112352	0.136180891	Neg_3a	Neg
278	3	22	0.077084659	0.063600561	Neg_3a	Neg
279	3	23	0.07285439	0.063950501	Neg_3a	Neg
280	3	24	0.077035426	0.065512792	Neg_3a	Neg
281	3	25	0.153112578	0.226415748	Neg_3a	Neg
282	3	26	0.070109744	0.063920531	Neg_3a	Neg
283	3	27	0.078923354	0.073775404	Neg_3a	Neg
284	3	28	0.092233383	0.067393594	Neg_3a	Neg
285	3	29	0.117398588	0.084805274	Neg_3a	Neg
286	3	30	0.14307135	0.674064926	Neg_3a	Neg
287	3	31	0.096407846	0.141145102	Neg_3a	Neg
288	3	32	0.183328646	0.229852714	Neg_3a	Neg
289	3	33	0.145380678	0.524765952	Neg_3a	Neg
290	3	34	0.167980206	0.137064538	Neg_3a	Neg
291	3	35	0.130157368	0.132042876	Neg_3a	Neg
292	3	36	0.134226435	0.174590388	Neg_3a	Neg
293	3	37	0.089360336	0.075120543	Neg_3a	Neg
294	3	38	0.1359355	0.19708265	Neg_3a	Neg
295	3	39	0.204239537	0.218371317	Neg_3a	Neg
296	3	40	0.196059582	0.205901212	Neg_3a	Neg
297	3	41	0.165134103	0.183231917	Neg_3a	Neg
298	3	42	0.150408039	0.204120976	Neg_3a	Neg
299	3	43	0.191095895	0.197408009	Neg_3a	Neg
300	3	44	0.142541578	0.162571362	Neg_3a	Neg
301	3	45	0.153144898	0.172939482	Neg_3a	Neg
302	3	46	0.140863485	0.194642369	Neg_3a	Neg
303	3	47	0.10693304	0.104254534	Neg_3a	Neg
304	3	48	0.145801368	0.203314156	Neg_3a	Neg
305	3	49	0.096710599	0.094149793	Neg_3a	Neg
306	3	50	0.152820393	0.13153763	Neg_3a	Neg
307	3	51	0.183244958	0.218645956	Neg_3a	Neg
308	3	52	0.116251416	0.150179374	Neg_3a	Neg
309	3	53	0.14538153	0.129459017	Neg_3a	Neg
310	3	54	0.114267704	0.104583572	Neg_3a	Neg
311	3	55	0.1104445	0.080853061	Neg_3a	Neg
312	3	56	0.115967802	0.143379271	Neg_3a	Neg
313	3	57	0.082386461	0.063013242	Neg_3a	Neg
314	3	58	0.135616316	0.149617973	Neg_3a	Neg
315	3	59	0.232672145	0.220390644	Neg_3a	Neg
316	3	60	0.203275258	0.251198749	Neg_3a	Neg
317	3	61	0.162199493	0.087365731	Neg_3a	Neg
318	3	62	0.137137844	0.082250515	Neg_3a	Neg
319	3	63	0.096288914	0.083604744	Neg_3a	Neg
320	3	64	0.111122644	0.069814301	Neg_3a	Neg
321	3	65	0.111751894	0.071767272	Neg_3a	Neg
322	3	66	0.089820869	0.078225614	Neg_3a	Neg
323	3	67	0.136785041	0.117990426	Neg_3a	Neg
324	3	68	0.142514788	0.163118585	Neg_3a	Neg
325	3	69	0.14250458	0.104742486	Neg_3a	Neg
326	3	70	0.139654405	0.151463878	Neg_3a	Neg
327	3	71	0.140646156	0.166213108	Neg_3a	Neg
328	3	72	0.089994671	0.083869441	Neg_3a	Neg
329	3	73	0.089785684	0.132444144	Neg_3a	Neg
330	3	74	0.123751451	0.110642027	Neg_3a	Neg
331	3	75	0.195063442	0.167923879	Neg_3a	Neg
332	3	76	0.151818301	0.145676496	Neg_3a	Neg
333	3	77	0.138471945	0.224818577	Neg_3a	Neg
334	3	78	0.087597263	0.068292876	Neg_3a	Neg
335	3	79	0.150026086	0.143091232	Neg_3a	Neg
336	3	80	0.134848489	0.183707669	Neg_3a	Neg
337	3	81	0.161364996	0.152169594	Neg_3a	Neg
338	3	82	0.204890155	0.180297665	Neg_3a	Neg
339	3	83	0.209497375	0.19736249	Neg_3a	Neg
340	3	84	0.168434393	0.202003022	Neg_3a	Neg
341	3	85	0.155649798	0.122216147	Neg_3a	Neg
342	3	86	0.109820029	0.080549183	Neg_3a	Neg
343	3	87	0.10069321	0.063874037	Neg_3a	Neg
344	3	88	0.15280749	0.123636368	Neg_3a	Neg
345	3	89	0.092471991	0.101085436	Neg_3a	Neg
346	3	90	0.110102381	0.083248311	Neg_3a	Neg
347	3	91	0.153246192	0.138289765	Neg_3a	Neg
348	3	92	0.114586326	0.075334771	Neg_3a	Neg
349	3	93	0.102413276	0.074751134	Neg_3a	Neg
350	3	94	0.091332953	0.086811013	Neg_3a	Neg
351	3	95	0.107036163	0.091775696	Neg_3a	Neg
352	3	96	0.092132201	0.075619685	Neg_3a	Neg
353	3	97	0.156092652	0.12293111	Neg_3a	Neg
354	3	98	0.0865459	0.08704797	Neg_3a	Neg
355	3	99	0.118853699	0.14412603	Neg_3a	Neg
356	3	100	0.187656226	0.228982964	Neg_3a	Neg
357	3	101	0.187086785	0.160346069	Neg_3a	Neg
358	3	102	0.179849174	0.191714433	Neg_3a	Neg
359	3	103	0.166641015	0.240065979	Neg_3a	Neg
360	3	104	0.168216819	0.136187254	Neg_3a	Neg
361	3	105	0.08339017	0.081571472	Neg_3a	Neg
362	3	106	0.163296422	0.20156288	Neg_3a	Neg
363	3	107	0.146917711	0.119533575	Neg_3a	Neg
364	3	108	0.197777783	0.196530011	Neg_3a	Neg
365	3	109	0.171880823	0.131646406	Neg_3a	Neg
366	3	110	0.164207909	0.227865968	Neg_3a	Neg
367	3	111	0.159933723	0.199491859	Neg_3a	Neg
368	3	112	0.172494808	0.306605229	Neg_3a	Neg
369	3	113	0.163829899	0.199205506	Neg_3a	Neg
370	3	114	0.149757789	0.17933103	Neg_3a	Neg
371	3	115	0.137833309	0.123211294	Neg_3a	Neg
372	3	116	0.152116901	0.187435998	Neg_3a	Neg
373	3	117	0.144766124	0.172192517	Neg_3a	Neg
374	3	118	0.170359056	0.24247518	Neg_3a	Neg
375	3	119	0.186587436	0.230752455	Neg_3a	Neg
376	3	120	0.146338624	0.206860669	Neg_3a	Neg
377	3	121	0.171400281	0.219360277	Neg_3a	Neg
378	3	122	0.166740283	0.171317677	Neg_3a	Neg
379	3	123	0.193670454	0.17878684	Neg_3a	Neg
380	3	124	0.203747511	0.234147348	Neg_3a	Neg
381	3	125	0.146702321	0.146686116	Neg_3a	Neg
382	3	126	0.167967682	0.205507994	Neg_3a	Neg
383	3	127	0.279132758	0.281620855	Neg_3a	Neg
384	3	128	0.223879015	0.200015206	Neg_3a	Neg
385	3	129	0.190859433	0.243732327	Neg_3a	Neg
386	3	130	0.148074056	0.19127103	Neg_3a	Neg
387	3	131	0.152511812	0.100629743	Neg_3a	Neg
388	3	132	0.132269077	0.095609927	Neg_3a	Neg
389	3	133	0.126402893	0.151226121	Neg_3a	Neg
390	3	134	0.140099743	0.151184409	Neg_3a	Neg
391	3	135	0.132841806	0.105123687	Neg_3a	Neg
392	3	136	0.130545591	0.10279295	Neg_3a	Neg
393	3	137	0.129492349	0.155994274	Neg_3a	Neg
394	3	138	0.087747008	0.078927293	Neg_3a	Neg
395	3	139	0.134187013	0.118394028	Neg_3a	Neg
396	3	140	0.084150329	0.076518249	Neg_3a	Neg
397	3	141	0.124541952	0.11634523	Neg_3a	Neg
398	3	142	0.128122126	0.131552402	Neg_3a	Neg
399	3	143	0.091080645	0.074428722	Neg_3a	Neg
400	3	144	0.140668123	0.136030713	Neg_3a	Neg
401	3	145	0.365567907	0.241595345	Neg_3a	Neg
402	3	146	0.131798528	0.114531919	Neg_3a	Neg
403	3	147	0.39155169	0.280561617	Neg_3a	Neg
404	3	148	0.09129327	0.075005312	Neg_3a	Neg
405	3	149	0.235683987	0.215881212	Neg_3a	Neg
406	3	150	0.081843448	0.079728272	Neg_3a	Neg
407	3	151	0.08479392	0.080482195	Neg_3a	Neg
408	3	152	0.089661321	0.083447927	Neg_3a	Neg
409	3	153	0.167743578	0.271482279	Neg_3a	Neg
410	3	154	0.129285522	0.199597589	Neg_3a	Neg
411	3	155	0.135656304	0.232271769	Neg_3a	Neg
412	3	156	0.12596337	0.121962939	Neg_3a	Neg
413	3	157	0.123308382	0.102017827	Neg_3a	Neg
414	3	158	0.135597256	0.222577804	Neg_3a	Neg
415	3	159	0.147731446	0.190893159	Neg_3a	Neg
416	3	160	0.141913413	0.242821432	Neg_3a	Neg
417	3	161	0.162403805	0.280104406	Neg_3a	Neg
418	3	162	0.183111116	0.084322442	Neg_3a	Neg
419	3	163	0.190001364	0.231091797	Neg_3a	Neg
420	3	164	0.120800489	0.141160303	Neg_3a	Neg
421	3	165	0.139730223	0.17334168	Neg_3a	Neg
422	3	166	0.166783538	0.256992607	Neg_3a	Neg
423	3	167	0.10458251	0.101652348	Neg_3a	Neg
424	3	168	0.110797695	0.132836453	Neg_3a	Neg
425	3	169	0.147084627	0.17671569	Neg_3a	Neg
426	3	170	0.137306848	0.140462282	Neg_3a	Neg
427	3	171	0.140786831	0.119959782	Neg_3a	Neg
428	3	172	0.152789288	0.236288326	Neg_3a	Neg
429	3	173	0.155436724	0.133368989	Neg_3a	Neg
430	3	174	0.142742379	0.152382902	Neg_3a	Neg
431	3	175	0.047383929	0.073432898	Neg_3a	Neg
432	3	176	0.212811647	0.182148883	Neg_3a	Neg
433	3	177	0.257767222	0.365920653	Neg_3a	Neg
434	3	178	0.190689708	0.296654334	Neg_3a	Neg
435	3	179	0.1692406	0.251887341	Neg_3a	Neg
436	3	180	0.15286788	0.241469678	Neg_3a	Neg
437	3	181	0.130505218	0.105794609	Neg_3a	Neg
987	4	1	0.138579941	0.182721011	2i_1a_ch00.tif	2i
988	4	2	0.065554582	0.058296753	2i_1a_ch00.tif	2i
989	4	3	0.135791032	0.178605967	2i_1a_ch00.tif	2i
990	4	4	0.064705885	0.058630424	2i_1a_ch00.tif	2i
991	4	5	0.128664803	0.101120451	2i_1a_ch00.tif	2i
992	4	6	0.135682898	0.12559162	2i_1a_ch00.tif	2i
993	4	7	0.145015484	0.270767122	2i_1a_ch00.tif	2i
994	4	8	0.155328222	0.289215693	2i_1a_ch00.tif	2i
995	4	9	0.18431373	0.157039662	2i_1a_ch00.tif	2i
996	4	10	0.215437595	0.207307514	2i_1a_ch00.tif	2i
997	4	11	0.200728297	0.189299724	2i_1a_ch00.tif	2i
998	4	12	0.168457567	0.140723441	2i_1a_ch00.tif	2i
999	4	13	0.174677192	0.161334293	2i_1a_ch00.tif	2i
1000	4	14	0.226870949	0.194451805	2i_1a_ch00.tif	2i
1001	4	15	0.16383139	0.143472027	2i_1a_ch00.tif	2i
1002	4	16	0.192144299	0.157780295	2i_1a_ch00.tif	2i
1003	4	17	0.16631264	0.141462423	2i_1a_ch00.tif	2i
1004	4	18	0.133849051	0.279215695	2i_1a_ch00.tif	2i
1005	4	19	0.136252728	0.291023973	2i_1a_ch00.tif	2i
1006	4	20	0.14821656	0.132623976	2i_1a_ch00.tif	2i
1007	4	21	0.150874725	0.14026066	2i_1a_ch00.tif	2i
1008	4	22	0.122938566	0.182640527	2i_1a_ch00.tif	2i
1009	4	23	0.139914052	0.141069035	2i_1a_ch00.tif	2i
1010	4	24	0.162075268	0.29605002	2i_1a_ch00.tif	2i
1011	4	25	0.161432345	0.27746268	2i_1a_ch00.tif	2i
1012	4	26	0.146250142	0.147014516	2i_1a_ch00.tif	2i
1013	4	27	0.110742645	0.138798968	2i_1a_ch00.tif	2i
1014	4	28	0.148157161	0.279043204	2i_1a_ch00.tif	2i
1015	4	29	0.165399092	0.250023115	2i_1a_ch00.tif	2i
1016	4	30	0.136205037	0.28826618	2i_1a_ch00.tif	2i
1017	4	31	0.172012471	0.300327461	2i_1a_ch00.tif	2i
1018	4	32	0.127278986	0.128826973	2i_1a_ch00.tif	2i
1019	4	33	0.126265895	0.089075632	2i_1a_ch00.tif	2i
1020	4	34	0.127600536	0.138534401	2i_1a_ch00.tif	2i
1021	4	35	0.0552451	0.073333336	2i_1a_ch00.tif	2i
1022	4	36	0.054476732	0.107583277	2i_1a_ch00.tif	2i
1023	4	37	0.200799187	0.306281952	2i_1a_ch00.tif	2i
1024	4	38	0.200526464	0.3454526	2i_1a_ch00.tif	2i
1025	4	39	0.115986016	0.137117526	2i_1a_ch00.tif	2i
1026	4	40	0.098039218	0.115082011	2i_1a_ch00.tif	2i
1027	4	41	0.129585098	0.171848485	2i_1a_ch00.tif	2i
1028	4	42	0.120730275	0.149185897	2i_1a_ch00.tif	2i
1029	4	43	0.159268172	0.22872659	2i_1a_ch00.tif	2i
1030	4	44	0.120357383	0.09108353	2i_1a_ch00.tif	2i
1031	4	45	0.247709041	0.180473437	2i_1a_ch00.tif	2i
1032	4	46	0.165045365	0.115095115	2i_1a_ch00.tif	2i
1033	4	47	0.177369717	0.246325699	2i_1a_ch00.tif	2i
1034	4	48	0.279156797	0.2410041	2i_1a_ch00.tif	2i
1035	4	49	0.277395383	0.273040685	2i_1a_ch00.tif	2i
1036	4	50	0.15640602	0.192353733	2i_1a_ch00.tif	2i
1037	4	51	0.19429914	0.349097903	2i_1a_ch00.tif	2i
1038	4	52	0.177568354	0.307808623	2i_1a_ch00.tif	2i
1039	4	53	0.278154834	0.351450912	2i_1a_ch00.tif	2i
1040	4	54	0.32018174	0.382368893	2i_1a_ch00.tif	2i
1041	4	55	0.212489832	0.294724389	2i_1a_ch00.tif	2i
1042	4	56	0.154897938	0.176704114	2i_1a_ch00.tif	2i
1043	4	57	0.143641971	0.164982808	2i_1a_ch00.tif	2i
1044	4	58	0.285714293	0.277328438	2i_1a_ch00.tif	2i
1045	4	59	0.161139389	0.157391411	2i_1a_ch00.tif	2i
1046	4	60	0.15820921	0.169140793	2i_1a_ch00.tif	2i
1047	4	61	0.213312998	0.21342036	2i_1a_ch00.tif	2i
1048	4	62	0.039900406	0.053890446	2i_1a_ch00.tif	2i
1049	4	63	0.123274354	0.195751639	2i_1a_ch00.tif	2i
1050	4	64	0.20798515	0.330897382	2i_1a_ch00.tif	2i
1051	4	65	0.141904188	0.114992255	2i_1a_ch00.tif	2i
1052	4	66	0.192567075	0.111543198	2i_1a_ch00.tif	2i
1053	4	67	0.147466645	0.210714175	2i_1a_ch00.tif	2i
1054	4	68	0.141000507	0.115258928	2i_1a_ch00.tif	2i
1055	4	69	0.16977293	0.160177889	2i_1a_ch00.tif	2i
1056	4	70	0.152569854	0.267481781	2i_1a_ch00.tif	2i
1057	4	71	0.17005734	0.162299147	2i_1a_ch00.tif	2i
1058	4	72	0.144406498	0.185907657	2i_1a_ch00.tif	2i
1059	4	73	0.173446209	0.323985246	2i_1a_ch00.tif	2i
1060	4	74	0.158361923	0.190166438	2i_1a_ch00.tif	2i
1061	4	75	0.176987013	0.21509455	2i_1a_ch00.tif	2i
1062	4	76	0.174465879	0.290531536	2i_1a_ch00.tif	2i
1063	4	77	0.096786495	0.232552657	2i_1a_ch00.tif	2i
1064	4	78	0.172387229	0.196224821	2i_1a_ch00.tif	2i
1065	4	79	0.149088411	0.152253186	2i_1a_ch00.tif	2i
1066	4	80	0.124074898	0.139338547	2i_1a_ch00.tif	2i
1067	4	81	0.131561665	0.180372254	2i_1a_ch00.tif	2i
1068	4	82	0.138558876	0.151366758	2i_1a_ch00.tif	2i
1069	4	83	0.149590714	0.166533413	2i_1a_ch00.tif	2i
1070	4	84	0.145363503	0.155873307	2i_1a_ch00.tif	2i
1071	4	85	0.129304442	0.14762436	2i_1a_ch00.tif	2i
1072	4	86	0.135237511	0.13806804	2i_1a_ch00.tif	2i
1073	4	87	0.139683749	0.150638841	2i_1a_ch00.tif	2i
1074	4	88	0.166812686	0.187672094	2i_1a_ch00.tif	2i
1075	4	89	0.177846356	0.201568633	2i_1a_ch00.tif	2i
1076	4	90	0.130308128	0.151518212	2i_1a_ch00.tif	2i
1077	4	91	0.114807306	0.109450255	2i_1a_ch00.tif	2i
1078	4	92	0.163659332	0.192962834	2i_1a_ch00.tif	2i
1079	4	93	0.112557836	0.111742678	2i_1a_ch00.tif	2i
1080	5	1	0.061184906	0.077925366	2i_2a_ch00.tif	2i
1081	5	2	0.063061995	0.063260054	2i_2a_ch00.tif	2i
1082	5	3	0.153745604	0.164393054	2i_2a_ch00.tif	2i
1083	5	4	0.181487093	0.387419927	2i_2a_ch00.tif	2i
1084	5	5	0.183512678	0.217850318	2i_2a_ch00.tif	2i
1085	5	6	0.19640391	0.253084076	2i_2a_ch00.tif	2i
1086	5	7	0.104835335	0.12035028	2i_2a_ch00.tif	2i
1087	5	8	0.161149388	0.129965264	2i_2a_ch00.tif	2i
1088	5	9	0.137203307	0.411826635	2i_2a_ch00.tif	2i
1089	5	10	0.16700368	0.430759817	2i_2a_ch00.tif	2i
1090	5	11	0.259358296	0.265181231	2i_2a_ch00.tif	2i
1091	5	12	0.178381527	0.227534071	2i_2a_ch00.tif	2i
1092	5	13	0.225627001	0.230497043	2i_2a_ch00.tif	2i
1093	5	14	0.216206679	0.307164769	2i_2a_ch00.tif	2i
1094	5	15	0.051642477	0.058747137	2i_2a_ch00.tif	2i
1095	5	16	0.264394429	0.364599712	2i_2a_ch00.tif	2i
1096	5	17	0.145999418	0.260544345	2i_2a_ch00.tif	2i
1097	5	18	0.185210821	0.202921958	2i_2a_ch00.tif	2i
1098	5	19	0.204787687	0.187128597	2i_2a_ch00.tif	2i
1099	5	20	0.174657792	0.280848446	2i_2a_ch00.tif	2i
1100	5	21	0.114315368	0.08474521	2i_2a_ch00.tif	2i
1101	5	22	0.059598452	0.132558416	2i_2a_ch00.tif	2i
1102	5	23	0.174578094	0.104028878	2i_2a_ch00.tif	2i
1103	5	24	0.149092911	0.104837826	2i_2a_ch00.tif	2i
1104	5	25	0.179773896	0.107737151	2i_2a_ch00.tif	2i
1105	5	26	0.164724385	0.097391789	2i_2a_ch00.tif	2i
1106	5	27	0.084890429	0.118892737	2i_2a_ch00.tif	2i
1107	5	28	0.123147786	0.176378475	2i_2a_ch00.tif	2i
1108	5	29	0.164623697	0.643912185	2i_2a_ch00.tif	2i
1109	5	30	0.144024589	0.202934689	2i_2a_ch00.tif	2i
1110	5	31	0.176926589	0.296044239	2i_2a_ch00.tif	2i
1111	5	32	0.171686279	0.246415693	2i_2a_ch00.tif	2i
1112	5	33	0.128855726	0.176119407	2i_2a_ch00.tif	2i
1113	5	34	0.105362832	0.156376743	2i_2a_ch00.tif	2i
1114	5	35	0.18859618	0.293299659	2i_2a_ch00.tif	2i
1115	5	36	0.082720591	0.258226111	2i_2a_ch00.tif	2i
1116	5	37	0.083912397	0.059809657	2i_2a_ch00.tif	2i
1117	5	38	0.229655818	0.271227812	2i_2a_ch00.tif	2i
1118	5	39	0.216399294	0.255226064	2i_2a_ch00.tif	2i
1119	5	40	0.246160761	0.167849129	2i_2a_ch00.tif	2i
1120	5	41	0.070360646	0.179656868	2i_2a_ch00.tif	2i
1121	5	42	0.247613116	0.170221026	2i_2a_ch00.tif	2i
1122	5	43	0.164557137	0.162596352	2i_2a_ch00.tif	2i
1123	5	44	0.147621702	0.168182103	2i_2a_ch00.tif	2i
1124	5	45	0.089801603	0.165100365	2i_2a_ch00.tif	2i
1125	5	46	0.174949415	0.235754664	2i_2a_ch00.tif	2i
1126	5	47	0.181567311	0.253449536	2i_2a_ch00.tif	2i
1127	5	48	0.133531619	0.189424989	2i_2a_ch00.tif	2i
1128	5	49	0.155731528	0.238826051	2i_2a_ch00.tif	2i
1129	5	50	0.133719616	0.242499064	2i_2a_ch00.tif	2i
1130	5	51	0.217831712	0.27071134	2i_2a_ch00.tif	2i
1131	5	52	0.197617867	0.265286495	2i_2a_ch00.tif	2i
1132	5	53	0.145491581	0.210998349	2i_2a_ch00.tif	2i
1133	5	54	0.25955313	0.371637037	2i_2a_ch00.tif	2i
1134	5	55	0.103105646	0.081079929	2i_2a_ch00.tif	2i
1135	5	56	0.150784687	0.207577274	2i_2a_ch00.tif	2i
1136	5	57	0.217658186	0.380110466	2i_2a_ch00.tif	2i
1137	5	58	0.12642547	0.086356553	2i_2a_ch00.tif	2i
1138	5	59	0.100807384	0.068219918	2i_2a_ch00.tif	2i
1139	5	60	0.091409108	0.067298109	2i_2a_ch00.tif	2i
1140	5	61	0.051595542	0.061245677	2i_2a_ch00.tif	2i
1141	5	62	0.073521443	0.106201183	2i_2a_ch00.tif	2i
1142	5	63	0.148518478	0.273610954	2i_2a_ch00.tif	2i
1143	5	64	0.097713084	0.071224598	2i_2a_ch00.tif	2i
1144	5	65	0.162268154	0.179385271	2i_2a_ch00.tif	2i
1145	5	66	0.04282213	0.05689776	2i_2a_ch00.tif	2i
1146	5	67	0.142274514	0.21320061	2i_2a_ch00.tif	2i
1147	5	68	0.165752342	0.225252372	2i_2a_ch00.tif	2i
1148	5	69	0.239648479	0.244144151	2i_2a_ch00.tif	2i
1149	5	70	0.166176474	0.211531869	2i_2a_ch00.tif	2i
1150	5	71	0.147760205	0.217539555	2i_2a_ch00.tif	2i
1151	5	72	0.24250498	0.289407509	2i_2a_ch00.tif	2i
1152	5	73	0.197388355	0.196626965	2i_2a_ch00.tif	2i
1153	5	74	0.227543043	0.295811477	2i_2a_ch00.tif	2i
1154	6	1	0.104735038	0.147731232	2i_3a_ch00.tif	2i
1155	6	2	0.092621981	0.159963525	2i_3a_ch00.tif	2i
1156	6	3	0.092945023	0.156093814	2i_3a_ch00.tif	2i
1157	6	4	0.158501614	0.17013625	2i_3a_ch00.tif	2i
1158	6	5	0.107954128	0.121852267	2i_3a_ch00.tif	2i
1159	6	6	0.152725031	0.253121309	2i_3a_ch00.tif	2i
1160	6	7	0.122925221	0.172514824	2i_3a_ch00.tif	2i
1161	6	8	0.163355535	0.297447289	2i_3a_ch00.tif	2i
1162	6	9	0.131816998	0.144194215	2i_3a_ch00.tif	2i
1163	6	10	0.100508101	0.098441605	2i_3a_ch00.tif	2i
1164	6	11	0.142775774	0.158038489	2i_3a_ch00.tif	2i
1165	6	12	0.155033561	0.28231347	2i_3a_ch00.tif	2i
1166	6	13	0.159483798	0.133593442	2i_3a_ch00.tif	2i
1167	6	14	0.153379957	0.288125607	2i_3a_ch00.tif	2i
1168	6	15	0.173316738	0.130158735	2i_3a_ch00.tif	2i
1169	6	16	0.144030007	0.170282503	2i_3a_ch00.tif	2i
1170	6	17	0.142358198	0.192603296	2i_3a_ch00.tif	2i
1171	6	18	0.138680931	0.164832149	2i_3a_ch00.tif	2i
1172	6	19	0.137287723	0.136212983	2i_3a_ch00.tif	2i
1173	6	20	0.111876754	0.215596644	2i_3a_ch00.tif	2i
1174	6	21	0.121311862	0.221732032	2i_3a_ch00.tif	2i
1175	6	22	0.134722767	0.129554608	2i_3a_ch00.tif	2i
1176	6	23	0.138676261	0.17588835	2i_3a_ch00.tif	2i
1177	6	24	0.126943109	0.192838319	2i_3a_ch00.tif	2i
1178	6	25	0.134425988	0.1774435	2i_3a_ch00.tif	2i
1179	6	26	0.122261202	0.249271459	2i_3a_ch00.tif	2i
1180	6	27	0.130826466	0.262188024	2i_3a_ch00.tif	2i
1181	6	28	0.122642395	0.196101778	2i_3a_ch00.tif	2i
1182	6	29	0.156071654	0.139571683	2i_3a_ch00.tif	2i
1183	6	30	0.115339741	0.215791558	2i_3a_ch00.tif	2i
1184	6	31	0.140568572	0.140318259	2i_3a_ch00.tif	2i
1185	6	32	0.111887523	0.156083518	2i_3a_ch00.tif	2i
1186	6	33	0.148117205	0.133712125	2i_3a_ch00.tif	2i
1187	6	34	0.068102014	0.064240252	2i_3a_ch00.tif	2i
1188	6	35	0.067194397	0.063254631	2i_3a_ch00.tif	2i
1189	6	36	0.150927402	0.255627582	2i_3a_ch00.tif	2i
1190	6	37	0.119311667	0.125932595	2i_3a_ch00.tif	2i
1191	6	38	0.12356237	0.12081892	2i_3a_ch00.tif	2i
1192	6	39	0.176139318	0.22836423	2i_3a_ch00.tif	2i
1193	6	40	0.105434589	0.147965194	2i_3a_ch00.tif	2i
1194	6	41	0.126535952	0.117421935	2i_3a_ch00.tif	2i
1195	6	42	0.15173954	0.221207331	2i_3a_ch00.tif	2i
1196	6	43	0.146548602	0.219000639	2i_3a_ch00.tif	2i
1197	6	44	0.160899658	0.200360443	2i_3a_ch00.tif	2i
1198	6	45	0.156855964	0.214824621	2i_3a_ch00.tif	2i
1199	6	46	0.151569834	0.197088902	2i_3a_ch00.tif	2i
1200	6	47	0.125498688	0.187029967	2i_3a_ch00.tif	2i
1201	6	48	0.16890413	0.220510051	2i_3a_ch00.tif	2i
1202	6	49	0.165492447	0.233529981	2i_3a_ch00.tif	2i
1203	6	50	0.120497542	0.174587548	2i_3a_ch00.tif	2i
1204	6	51	0.162906017	0.273675436	2i_3a_ch00.tif	2i
1205	6	52	0.136518643	0.260792072	2i_3a_ch00.tif	2i
1206	6	53	0.161751638	0.236078439	2i_3a_ch00.tif	2i
1207	6	54	0.174237116	0.207576944	2i_3a_ch00.tif	2i
1208	6	55	0.139088567	0.215532192	2i_3a_ch00.tif	2i
1209	6	56	0.163433401	0.239389215	2i_3a_ch00.tif	2i
1210	6	57	0.11928105	0.178322444	2i_3a_ch00.tif	2i
1211	6	58	0.135583831	0.202930686	2i_3a_ch00.tif	2i
1212	6	59	0.094518393	0.089337343	2i_3a_ch00.tif	2i
1213	6	60	0.129160386	0.243647211	2i_3a_ch00.tif	2i
1214	6	61	0.093352009	0.087712421	2i_3a_ch00.tif	2i
1215	6	62	0.135886056	0.26097855	2i_3a_ch00.tif	2i
1216	6	63	0.127549024	0.262179496	2i_3a_ch00.tif	2i
1217	6	64	0.135265145	0.237728203	2i_3a_ch00.tif	2i
1218	6	65	0.12296575	0.29494629	2i_3a_ch00.tif	2i
1219	6	66	0.152669603	0.149378093	2i_3a_ch00.tif	2i
1220	6	67	0.141200241	0.150192121	2i_3a_ch00.tif	2i
1221	6	68	0.11685895	0.117181792	2i_3a_ch00.tif	2i
1222	6	69	0.149469628	0.166171653	2i_3a_ch00.tif	2i
1223	6	70	0.166709111	0.209073939	2i_3a_ch00.tif	2i
1224	6	71	0.137626423	0.219442731	2i_3a_ch00.tif	2i
1225	6	72	0.144649613	0.221410365	2i_3a_ch00.tif	2i
1226	6	73	0.128497086	0.117783739	2i_3a_ch00.tif	2i
1227	6	74	0.146665171	0.211487278	2i_3a_ch00.tif	2i
1228	6	75	0.091679917	0.08959548	2i_3a_ch00.tif	2i
1229	6	76	0.143362598	0.178306936	2i_3a_ch00.tif	2i
1230	6	77	0.138491197	0.163310074	2i_3a_ch00.tif	2i
1231	6	78	0.089715442	0.089529742	2i_3a_ch00.tif	2i
1232	6	79	0.15785765	0.191435564	2i_3a_ch00.tif	2i
1233	6	80	0.146769738	0.235394678	2i_3a_ch00.tif	2i
1234	6	81	0.167089212	0.163756353	2i_3a_ch00.tif	2i
1235	6	82	0.139553348	0.259759501	2i_3a_ch00.tif	2i
1236	6	83	0.147786122	0.226671328	2i_3a_ch00.tif	2i
1237	6	84	0.138415495	0.215845098	2i_3a_ch00.tif	2i
1238	6	85	0.157850298	0.192314304	2i_3a_ch00.tif	2i
1239	6	86	0.155825738	0.178163184	2i_3a_ch00.tif	2i
1240	6	87	0.138882727	0.163867312	2i_3a_ch00.tif	2i
1241	6	88	0.145745641	0.161803685	2i_3a_ch00.tif	2i
1242	6	89	0.18123714	0.19973279	2i_3a_ch00.tif	2i
1243	6	90	0.141310026	0.161694899	2i_3a_ch00.tif	2i
1244	6	91	0.181172844	0.197912133	2i_3a_ch00.tif	2i
1245	6	92	0.160378638	0.161974311	2i_3a_ch00.tif	2i
1246	6	93	0.158019733	0.198891736	2i_3a_ch00.tif	2i
1247	6	94	0.175442236	0.229369563	2i_3a_ch00.tif	2i
1248	6	95	0.14042278	0.230371555	2i_3a_ch00.tif	2i
1249	6	96	0.148766177	0.195851679	2i_3a_ch00.tif	2i
1250	6	97	0.212791163	0.238276974	2i_3a_ch00.tif	2i
1251	6	98	0.173760097	0.223933109	2i_3a_ch00.tif	2i
1252	6	99	0.188176287	0.237735047	2i_3a_ch00.tif	2i
1253	6	100	0.099761235	0.119311197	2i_3a_ch00.tif	2i
1254	6	101	0.169098514	0.185350061	2i_3a_ch00.tif	2i
1255	6	102	0.143421975	0.195637931	2i_3a_ch00.tif	2i
1256	6	103	0.153265207	0.187612168	2i_3a_ch00.tif	2i
1257	6	104	0.161384217	0.210875972	2i_3a_ch00.tif	2i
1258	6	105	0.122171949	0.170306255	2i_3a_ch00.tif	2i
1259	6	106	0.143653839	0.266466708	2i_3a_ch00.tif	2i
1260	6	107	0.139165698	0.176248407	2i_3a_ch00.tif	2i
1261	6	108	0.126857352	0.237656661	2i_3a_ch00.tif	2i
1262	6	109	0.120168933	0.207975874	2i_3a_ch00.tif	2i
1263	6	110	0.151734543	0.273643508	2i_3a_ch00.tif	2i
1264	6	111	0.121160884	0.174899566	2i_3a_ch00.tif	2i
1265	6	112	0.123937673	0.172020014	2i_3a_ch00.tif	2i
1266	6	113	0.093386677	0.092270462	2i_3a_ch00.tif	2i
1267	6	114	0.134534538	0.124477423	2i_3a_ch00.tif	2i
1268	6	115	0.115990538	0.111809784	2i_3a_ch00.tif	2i
1269	6	116	0.091664346	0.084267264	2i_3a_ch00.tif	2i
1270	6	117	0.112793516	0.165165823	2i_3a_ch00.tif	2i
1271	6	118	0.160286137	0.184441468	2i_3a_ch00.tif	2i
1272	6	119	0.225342861	0.358283285	2i_3a_ch00.tif	2i
1273	6	120	0.19400143	0.236846257	2i_3a_ch00.tif	2i
1274	6	121	0.101569633	0.188335594	2i_3a_ch00.tif	2i
1275	6	122	0.121888759	0.17478992	2i_3a_ch00.tif	2i
1276	6	123	0.152546391	0.197657592	2i_3a_ch00.tif	2i
1277	6	124	0.163755941	0.309298509	2i_3a_ch00.tif	2i
1278	6	125	0.153344081	0.203464953	2i_3a_ch00.tif	2i
1279	6	126	0.088225589	0.177033589	2i_3a_ch00.tif	2i
1280	6	127	0.111419314	0.207556199	2i_3a_ch00.tif	2i
1281	6	128	0.09224414	0.18745564	2i_3a_ch00.tif	2i
4266	7	1	0.068300656	0.056651289	Nanog_1a_ch00.tif	Nanog
4267	7	2	0.07162023	0.057791539	Nanog_1a_ch00.tif	Nanog
4268	7	3	0.067446258	0.056201277	Nanog_1a_ch00.tif	Nanog
4269	7	4	0.066478734	0.057044417	Nanog_1a_ch00.tif	Nanog
4270	7	5	0.147847829	0.069869544	Nanog_1a_ch00.tif	Nanog
4271	7	6	0.120786226	0.071132105	Nanog_1a_ch00.tif	Nanog
4272	7	7	0.130863859	0.071587128	Nanog_1a_ch00.tif	Nanog
4273	7	8	0.091274274	0.067057872	Nanog_1a_ch00.tif	Nanog
4274	7	9	0.101145791	0.06427921	Nanog_1a_ch00.tif	Nanog
4275	7	10	0.098303696	0.063502054	Nanog_1a_ch00.tif	Nanog
4276	7	11	0.097527367	0.067965984	Nanog_1a_ch00.tif	Nanog
4277	7	12	0.108749385	0.06969847	Nanog_1a_ch00.tif	Nanog
4278	7	13	0.094875722	0.06526715	Nanog_1a_ch00.tif	Nanog
4279	7	14	0.10385337	0.072949705	Nanog_1a_ch00.tif	Nanog
4280	7	15	0.096204259	0.070923774	Nanog_1a_ch00.tif	Nanog
4281	7	16	0.134094965	0.074023662	Nanog_1a_ch00.tif	Nanog
4282	7	17	0.11027864	0.070918476	Nanog_1a_ch00.tif	Nanog
4283	7	18	0.094990249	0.071871474	Nanog_1a_ch00.tif	Nanog
4284	7	19	0.093484804	0.071656814	Nanog_1a_ch00.tif	Nanog
4285	7	20	0.114500687	0.064363888	Nanog_1a_ch00.tif	Nanog
4286	7	21	0.100087636	0.066546174	Nanog_1a_ch00.tif	Nanog
4287	7	22	0.103008699	0.07418571	Nanog_1a_ch00.tif	Nanog
4288	7	23	0.106424963	0.083092862	Nanog_1a_ch00.tif	Nanog
4289	7	24	0.130601097	0.083076184	Nanog_1a_ch00.tif	Nanog
4290	7	25	0.113514872	0.101780254	Nanog_1a_ch00.tif	Nanog
4291	7	26	0.111226255	0.109052121	Nanog_1a_ch00.tif	Nanog
4292	7	27	0.108057249	0.075264822	Nanog_1a_ch00.tif	Nanog
4293	7	28	0.09442351	0.074225793	Nanog_1a_ch00.tif	Nanog
4294	7	29	0.106237666	0.066890383	Nanog_1a_ch00.tif	Nanog
4295	7	30	0.098849821	0.075298502	Nanog_1a_ch00.tif	Nanog
4296	7	31	0.189262542	0.079625198	Nanog_1a_ch00.tif	Nanog
4297	7	32	0.097227859	0.071850352	Nanog_1a_ch00.tif	Nanog
4298	7	33	0.172326207	0.082486634	Nanog_1a_ch00.tif	Nanog
4299	7	34	0.180442872	0.087085871	Nanog_1a_ch00.tif	Nanog
4300	7	35	0.09593319	0.073190514	Nanog_1a_ch00.tif	Nanog
4301	7	36	0.139430476	0.084916513	Nanog_1a_ch00.tif	Nanog
4302	7	37	0.096765424	0.073321886	Nanog_1a_ch00.tif	Nanog
4303	7	38	0.096366133	0.078696944	Nanog_1a_ch00.tif	Nanog
4304	7	39	0.141988799	0.086764708	Nanog_1a_ch00.tif	Nanog
4305	7	40	0.100064644	0.079362209	Nanog_1a_ch00.tif	Nanog
4306	7	41	0.199587209	0.080273084	Nanog_1a_ch00.tif	Nanog
4307	7	42	0.111708932	0.082164159	Nanog_1a_ch00.tif	Nanog
4308	7	43	0.141419404	0.083645673	Nanog_1a_ch00.tif	Nanog
4309	7	44	0.116560567	0.082183179	Nanog_1a_ch00.tif	Nanog
4310	7	45	0.118213416	0.083253961	Nanog_1a_ch00.tif	Nanog
4311	7	46	0.134355154	0.069870204	Nanog_1a_ch00.tif	Nanog
4312	7	47	0.155982397	0.072155532	Nanog_1a_ch00.tif	Nanog
4313	7	48	0.123971698	0.070426068	Nanog_1a_ch00.tif	Nanog
4314	7	49	0.126078016	0.081647565	Nanog_1a_ch00.tif	Nanog
4315	7	50	0.12122635	0.080690433	Nanog_1a_ch00.tif	Nanog
4316	7	51	0.122415623	0.081929448	Nanog_1a_ch00.tif	Nanog
4317	7	52	0.127173351	0.082500436	Nanog_1a_ch00.tif	Nanog
4318	7	53	0.120699586	0.084634188	Nanog_1a_ch00.tif	Nanog
4319	7	54	0.08522977	0.065197974	Nanog_1a_ch00.tif	Nanog
4320	7	55	0.092549022	0.067134241	Nanog_1a_ch00.tif	Nanog
4321	7	56	0.130627024	0.086938162	Nanog_1a_ch00.tif	Nanog
4322	7	57	0.116529517	0.071268925	Nanog_1a_ch00.tif	Nanog
4323	7	58	0.140102072	0.086177816	Nanog_1a_ch00.tif	Nanog
4324	7	59	0.132688696	0.085844751	Nanog_1a_ch00.tif	Nanog
4325	7	60	0.152646642	0.091803419	Nanog_1a_ch00.tif	Nanog
4326	7	61	0.152043471	0.088849518	Nanog_1a_ch00.tif	Nanog
4327	7	62	0.144088105	0.08712329	Nanog_1a_ch00.tif	Nanog
4328	7	63	0.117223654	0.07051767	Nanog_1a_ch00.tif	Nanog
4329	7	64	0.133683031	0.088838935	Nanog_1a_ch00.tif	Nanog
4330	7	65	0.10421547	0.078659475	Nanog_1a_ch00.tif	Nanog
4331	7	66	0.13405506	0.081050012	Nanog_1a_ch00.tif	Nanog
4332	7	67	0.094727437	0.071155972	Nanog_1a_ch00.tif	Nanog
4333	7	68	0.129960465	0.077051564	Nanog_1a_ch00.tif	Nanog
4334	7	69	0.116900097	0.085098042	Nanog_1a_ch00.tif	Nanog
4335	7	70	0.098841772	0.076844508	Nanog_1a_ch00.tif	Nanog
4336	7	71	0.135275011	0.077644004	Nanog_1a_ch00.tif	Nanog
4337	7	72	0.108895269	0.079467562	Nanog_1a_ch00.tif	Nanog
4338	7	73	0.107749323	0.080335869	Nanog_1a_ch00.tif	Nanog
4339	7	74	0.086608089	0.071475066	Nanog_1a_ch00.tif	Nanog
4340	7	75	0.093729802	0.071062274	Nanog_1a_ch00.tif	Nanog
4341	7	76	0.112040599	0.071504585	Nanog_1a_ch00.tif	Nanog
4342	7	77	0.092517846	0.072319307	Nanog_1a_ch00.tif	Nanog
4343	7	78	0.074904154	0.120758027	Nanog_1a_ch00.tif	Nanog
4344	7	79	0.095346982	0.080484359	Nanog_1a_ch00.tif	Nanog
4345	7	80	0.075155488	0.068299865	Nanog_1a_ch00.tif	Nanog
4346	7	81	0.092924128	0.080022736	Nanog_1a_ch00.tif	Nanog
4347	7	82	0.098267125	0.07983811	Nanog_1a_ch00.tif	Nanog
4348	7	83	0.107140071	0.07849387	Nanog_1a_ch00.tif	Nanog
4349	8	1	0.096907997	0.068344648	Nanog_2a_ch00.tif	Nanog
4350	8	2	0.097718363	0.067647062	Nanog_2a_ch00.tif	Nanog
4351	8	3	0.09824174	0.070533005	Nanog_2a_ch00.tif	Nanog
4352	8	4	0.09299399	0.056430138	Nanog_2a_ch00.tif	Nanog
4353	8	5	0.126635827	0.096100464	Nanog_2a_ch00.tif	Nanog
4354	8	6	0.118477305	0.084181242	Nanog_2a_ch00.tif	Nanog
4355	8	7	0.114546764	0.064900937	Nanog_2a_ch00.tif	Nanog
4356	8	8	0.159707615	0.072010671	Nanog_2a_ch00.tif	Nanog
4357	8	9	0.155099691	0.074270888	Nanog_2a_ch00.tif	Nanog
4358	8	10	0.113667611	0.068229509	Nanog_2a_ch00.tif	Nanog
4359	8	11	0.090602883	0.246505579	Nanog_2a_ch00.tif	Nanog
4360	8	12	0.124625322	0.072602337	Nanog_2a_ch00.tif	Nanog
4361	8	13	0.141818346	0.077033327	Nanog_2a_ch00.tif	Nanog
4362	8	14	0.121000288	0.073969881	Nanog_2a_ch00.tif	Nanog
4363	8	15	0.115131188	0.07393475	Nanog_2a_ch00.tif	Nanog
4364	8	16	0.122359025	0.073613014	Nanog_2a_ch00.tif	Nanog
4365	8	17	0.160597052	0.078739813	Nanog_2a_ch00.tif	Nanog
4366	8	18	0.115679631	0.075267534	Nanog_2a_ch00.tif	Nanog
4367	8	19	0.113641759	0.065173403	Nanog_2a_ch00.tif	Nanog
4368	8	20	0.07906613	0.072353379	Nanog_2a_ch00.tif	Nanog
4369	8	21	0.095416916	0.06734007	Nanog_2a_ch00.tif	Nanog
4370	8	22	0.095538889	0.069149452	Nanog_2a_ch00.tif	Nanog
4371	8	23	0.086544383	0.073286952	Nanog_2a_ch00.tif	Nanog
4372	8	24	0.104804315	0.064244983	Nanog_2a_ch00.tif	Nanog
4373	8	25	0.09565298	0.074426566	Nanog_2a_ch00.tif	Nanog
4374	8	26	0.099894584	0.069196714	Nanog_2a_ch00.tif	Nanog
4375	8	27	0.104213906	0.065026741	Nanog_2a_ch00.tif	Nanog
4376	8	28	0.126859865	0.071669553	Nanog_2a_ch00.tif	Nanog
4377	8	29	0.08757116	0.07868438	Nanog_2a_ch00.tif	Nanog
4378	8	30	0.09660283	0.079787964	Nanog_2a_ch00.tif	Nanog
4379	8	31	0.081663437	0.164856716	Nanog_2a_ch00.tif	Nanog
4380	8	32	0.097905907	0.078909073	Nanog_2a_ch00.tif	Nanog
4381	8	33	0.125478424	0.072578464	Nanog_2a_ch00.tif	Nanog
4382	8	34	0.117622399	0.070921202	Nanog_2a_ch00.tif	Nanog
4383	8	35	0.091050283	0.075068922	Nanog_2a_ch00.tif	Nanog
4384	8	36	0.120732887	0.069543558	Nanog_2a_ch00.tif	Nanog
4385	8	37	0.089313728	0.111652664	Nanog_2a_ch00.tif	Nanog
4386	8	38	0.179757791	0.095775665	Nanog_2a_ch00.tif	Nanog
4387	8	39	0.092340116	0.078110686	Nanog_2a_ch00.tif	Nanog
4388	8	40	0.105817358	0.075578669	Nanog_2a_ch00.tif	Nanog
4389	8	41	0.088834875	0.070296551	Nanog_2a_ch00.tif	Nanog
4390	8	42	0.26072608	0.099116678	Nanog_2a_ch00.tif	Nanog
4391	8	43	0.143825323	0.080483636	Nanog_2a_ch00.tif	Nanog
4392	8	44	0.09941666	0.080215275	Nanog_2a_ch00.tif	Nanog
4393	8	45	0.240905222	0.094520656	Nanog_2a_ch00.tif	Nanog
4394	8	46	0.256939646	0.099023454	Nanog_2a_ch00.tif	Nanog
4395	8	47	0.116659243	0.071642903	Nanog_2a_ch00.tif	Nanog
4396	8	48	0.106855591	0.080177475	Nanog_2a_ch00.tif	Nanog
4397	8	49	0.111953356	0.073595155	Nanog_2a_ch00.tif	Nanog
4398	8	50	0.101107014	0.080862458	Nanog_2a_ch00.tif	Nanog
4399	8	51	0.108612562	0.073033014	Nanog_2a_ch00.tif	Nanog
4400	8	52	0.114427249	0.075018923	Nanog_2a_ch00.tif	Nanog
4401	8	53	0.11587069	0.080410977	Nanog_2a_ch00.tif	Nanog
4402	8	54	0.10476388	0.075075949	Nanog_2a_ch00.tif	Nanog
4403	8	55	0.116825401	0.087282915	Nanog_2a_ch00.tif	Nanog
4404	8	56	0.11068944	0.088377611	Nanog_2a_ch00.tif	Nanog
4405	8	57	0.185702229	0.200103205	Nanog_2a_ch00.tif	Nanog
4406	8	58	0.128605592	0.081751728	Nanog_2a_ch00.tif	Nanog
4407	8	59	0.120462317	0.073403493	Nanog_2a_ch00.tif	Nanog
4408	8	60	0.123273143	0.078455215	Nanog_2a_ch00.tif	Nanog
4409	8	61	0.141568631	0.081209153	Nanog_2a_ch00.tif	Nanog
4410	8	62	0.100581131	0.071825748	Nanog_2a_ch00.tif	Nanog
4411	8	63	0.107843141	0.078259807	Nanog_2a_ch00.tif	Nanog
4412	8	64	0.090585851	0.071574596	Nanog_2a_ch00.tif	Nanog
4413	8	65	0.152817441	0.083390446	Nanog_2a_ch00.tif	Nanog
4414	8	66	0.11866667	0.0835207	Nanog_2a_ch00.tif	Nanog
4415	8	67	0.150749716	0.07667564	Nanog_2a_ch00.tif	Nanog
4416	8	68	0.112590742	0.065949106	Nanog_2a_ch00.tif	Nanog
4417	8	69	0.180070155	0.081294925	Nanog_2a_ch00.tif	Nanog
4418	8	70	0.112124081	0.067978062	Nanog_2a_ch00.tif	Nanog
4419	8	71	0.099647061	0.065647061	Nanog_2a_ch00.tif	Nanog
4420	8	72	0.126982101	0.072953967	Nanog_2a_ch00.tif	Nanog
4421	8	73	0.102250236	0.065826333	Nanog_2a_ch00.tif	Nanog
4422	8	74	0.14254125	0.074440704	Nanog_2a_ch00.tif	Nanog
4423	8	75	0.148810625	0.078087162	Nanog_2a_ch00.tif	Nanog
4424	8	76	0.140323444	0.084710624	Nanog_2a_ch00.tif	Nanog
4425	8	77	0.11707813	0.080815472	Nanog_2a_ch00.tif	Nanog
4426	8	78	0.153383813	0.082415068	Nanog_2a_ch00.tif	Nanog
4427	8	79	0.164218501	0.078483863	Nanog_2a_ch00.tif	Nanog
4428	8	80	0.134179165	0.082564401	Nanog_2a_ch00.tif	Nanog
4429	8	81	0.105761278	0.077496387	Nanog_2a_ch00.tif	Nanog
4430	8	82	0.101491816	0.067742069	Nanog_2a_ch00.tif	Nanog
4431	8	83	0.133400031	0.076724026	Nanog_2a_ch00.tif	Nanog
4432	8	84	0.152108281	0.078702068	Nanog_2a_ch00.tif	Nanog
4433	8	85	0.085709241	0.066567747	Nanog_2a_ch00.tif	Nanog
4434	8	86	0.145819106	0.075964582	Nanog_2a_ch00.tif	Nanog
4435	8	87	0.106608573	0.077865691	Nanog_2a_ch00.tif	Nanog
4436	8	88	0.139423567	0.077835836	Nanog_2a_ch00.tif	Nanog
4437	8	89	0.084268291	0.075390587	Nanog_2a_ch00.tif	Nanog
4438	8	90	0.076988725	0.075214199	Nanog_2a_ch00.tif	Nanog
4439	8	91	0.092088065	0.087994498	Nanog_2a_ch00.tif	Nanog
4440	8	92	0.120958198	0.434942664	Nanog_2a_ch00.tif	Nanog
4441	8	93	0.10304676	0.105837106	Nanog_2a_ch00.tif	Nanog
4442	8	94	0.108732458	0.080670741	Nanog_2a_ch00.tif	Nanog
4443	8	95	0.089099371	0.084297111	Nanog_2a_ch00.tif	Nanog
4444	9	1	0.13881297	0.066877932	Nanog_3a_ch00.tif	Nanog
4445	9	2	0.068921849	0.057923681	Nanog_3a_ch00.tif	Nanog
4446	9	3	0.072825432	0.058806255	Nanog_3a_ch00.tif	Nanog
4447	9	4	0.103332765	0.064757334	Nanog_3a_ch00.tif	Nanog
4448	9	5	0.093465676	0.058473217	Nanog_3a_ch00.tif	Nanog
4449	9	6	0.082663124	0.057760055	Nanog_3a_ch00.tif	Nanog
4450	9	7	0.048682909	0.088571997	Nanog_3a_ch00.tif	Nanog
4451	9	8	0.103239764	0.059491232	Nanog_3a_ch00.tif	Nanog
4452	9	9	0.098290016	0.058253535	Nanog_3a_ch00.tif	Nanog
4453	9	10	0.101424745	0.071067855	Nanog_3a_ch00.tif	Nanog
4454	9	11	0.102333004	0.070574945	Nanog_3a_ch00.tif	Nanog
4455	9	12	0.117547573	0.072528295	Nanog_3a_ch00.tif	Nanog
4456	9	13	0.149692893	0.065686277	Nanog_3a_ch00.tif	Nanog
4457	9	14	0.152210146	0.066121491	Nanog_3a_ch00.tif	Nanog
4458	9	15	0.110976841	0.075587942	Nanog_3a_ch00.tif	Nanog
4459	9	16	0.166973159	0.079716409	Nanog_3a_ch00.tif	Nanog
4460	9	17	0.132920541	0.076699923	Nanog_3a_ch00.tif	Nanog
4461	9	18	0.122371683	0.06673359	Nanog_3a_ch00.tif	Nanog
4462	9	19	0.098840582	0.073640242	Nanog_3a_ch00.tif	Nanog
4463	9	20	0.103784495	0.066952741	Nanog_3a_ch00.tif	Nanog
4464	9	21	0.129034921	0.076511809	Nanog_3a_ch00.tif	Nanog
4465	9	22	0.194850103	0.082625907	Nanog_3a_ch00.tif	Nanog
4466	9	23	0.124433414	0.066870387	Nanog_3a_ch00.tif	Nanog
4467	9	24	0.106160739	0.065940453	Nanog_3a_ch00.tif	Nanog
4468	9	25	0.104187851	0.075417577	Nanog_3a_ch00.tif	Nanog
4469	9	26	0.08768743	0.069867362	Nanog_3a_ch00.tif	Nanog
4470	9	27	0.194407259	0.07943788	Nanog_3a_ch00.tif	Nanog
4471	9	28	0.113554991	0.069041533	Nanog_3a_ch00.tif	Nanog
4472	9	29	0.100674767	0.067174727	Nanog_3a_ch00.tif	Nanog
4473	9	30	0.101057243	0.07293559	Nanog_3a_ch00.tif	Nanog
4474	9	31	0.129393862	0.076998839	Nanog_3a_ch00.tif	Nanog
4475	9	32	0.125500771	0.071159033	Nanog_3a_ch00.tif	Nanog
4476	9	33	0.116745867	0.086350978	Nanog_3a_ch00.tif	Nanog
4477	9	34	0.130230447	0.069577525	Nanog_3a_ch00.tif	Nanog
4478	9	35	0.145918836	0.078652859	Nanog_3a_ch00.tif	Nanog
4479	9	36	0.099555119	0.07075301	Nanog_3a_ch00.tif	Nanog
4480	9	37	0.10882074	0.071158039	Nanog_3a_ch00.tif	Nanog
4481	9	38	0.17575758	0.090785687	Nanog_3a_ch00.tif	Nanog
4482	9	39	0.140783048	0.094929883	Nanog_3a_ch00.tif	Nanog
4483	9	40	0.102492183	0.066585951	Nanog_3a_ch00.tif	Nanog
4484	9	41	0.155971862	0.083235505	Nanog_3a_ch00.tif	Nanog
4485	9	42	0.093035398	0.066291065	Nanog_3a_ch00.tif	Nanog
4486	9	43	0.190958962	0.087043694	Nanog_3a_ch00.tif	Nanog
4487	9	44	0.140671718	0.067346149	Nanog_3a_ch00.tif	Nanog
4488	9	45	0.139646784	0.097482967	Nanog_3a_ch00.tif	Nanog
4489	9	46	0.165600741	0.085985	Nanog_3a_ch00.tif	Nanog
4490	9	47	0.206942783	0.087635056	Nanog_3a_ch00.tif	Nanog
4491	9	48	0.162837672	0.084069682	Nanog_3a_ch00.tif	Nanog
4492	9	49	0.106579524	0.093176472	Nanog_3a_ch00.tif	Nanog
4493	9	50	0.096348717	0.070568581	Nanog_3a_ch00.tif	Nanog
4494	9	51	0.116893241	0.071553808	Nanog_3a_ch00.tif	Nanog
4495	9	52	0.083923345	0.071581939	Nanog_3a_ch00.tif	Nanog
4496	9	53	0.087486937	0.069994568	Nanog_3a_ch00.tif	Nanog
4497	9	54	0.101065509	0.08051195	Nanog_3a_ch00.tif	Nanog
4498	9	55	0.084702352	0.077689457	Nanog_3a_ch00.tif	Nanog
4499	9	56	0.124157089	0.085008057	Nanog_3a_ch00.tif	Nanog
4500	9	57	0.117185702	0.077508653	Nanog_3a_ch00.tif	Nanog
4501	9	58	0.044444445	0.067973859	Nanog_3a_ch00.tif	Nanog
4502	9	59	0.112717442	0.081504705	Nanog_3a_ch00.tif	Nanog
4503	9	60	0.144640883	0.079259976	Nanog_3a_ch00.tif	Nanog
4504	9	61	0.139092807	0.085793666	Nanog_3a_ch00.tif	Nanog
4505	9	62	0.110550326	0.081594695	Nanog_3a_ch00.tif	Nanog
4506	9	63	0.126454161	0.082747291	Nanog_3a_ch00.tif	Nanog
4507	9	64	0.129787238	0.083312476	Nanog_3a_ch00.tif	Nanog
4508	9	65	0.100219992	0.083290294	Nanog_3a_ch00.tif	Nanog
4509	9	66	0.172368202	0.085438212	Nanog_3a_ch00.tif	Nanog
4510	9	67	0.096862747	0.083588238	Nanog_3a_ch00.tif	Nanog
4511	9	68	0.088456047	0.068523571	Nanog_3a_ch00.tif	Nanog
4512	9	69	0.107199758	0.084911154	Nanog_3a_ch00.tif	Nanog
4513	9	70	0.0953166	0.067965533	Nanog_3a_ch00.tif	Nanog
4514	9	71	0.092337167	0.068424614	Nanog_3a_ch00.tif	Nanog
4515	9	72	0.077360863	0.066470045	Nanog_3a_ch00.tif	Nanog
4516	9	73	0.103588608	0.068253384	Nanog_3a_ch00.tif	Nanog
4517	9	74	0.120606894	0.068598436	Nanog_3a_ch00.tif	Nanog
4518	9	75	0.119418094	0.086485349	Nanog_3a_ch00.tif	Nanog
4519	9	76	0.105407547	0.073700873	Nanog_3a_ch00.tif	Nanog
4520	9	77	0.078899176	0.06632826	Nanog_3a_ch00.tif	Nanog
4521	9	78	0.113968343	0.075885954	Nanog_3a_ch00.tif	Nanog
4522	9	79	0.093658152	0.066024958	Nanog_3a_ch00.tif	Nanog
4523	9	80	0.100342361	0.083749058	Nanog_3a_ch00.tif	Nanog
4524	9	81	0.087311248	0.065629933	Nanog_3a_ch00.tif	Nanog
4525	9	82	0.102532193	0.080756137	Nanog_3a_ch00.tif	Nanog
4526	9	83	0.106412732	0.079885891	Nanog_3a_ch00.tif	Nanog
4527	9	84	0.11818763	0.081989289	Nanog_3a_ch00.tif	Nanog
4528	9	85	0.129569533	0.083198109	Nanog_3a_ch00.tif	Nanog
4529	9	86	0.096048268	0.080045252	Nanog_3a_ch00.tif	Nanog
4530	9	87	0.096065448	0.081586809	Nanog_3a_ch00.tif	Nanog
4531	9	88	0.108942839	0.080983507	Nanog_3a_ch00.tif	Nanog
4532	9	89	0.103648811	0.081766252	Nanog_3a_ch00.tif	Nanog
4533	9	90	0.146700258	0.086437911	Nanog_3a_ch00.tif	Nanog
4534	9	91	0.110537785	0.078970304	Nanog_3a_ch00.tif	Nanog
4535	9	92	0.13239579	0.083058624	Nanog_3a_ch00.tif	Nanog
4536	9	93	0.084805608	0.079091708	Nanog_3a_ch00.tif	Nanog
4537	9	94	0.116235543	0.078916201	Nanog_3a_ch00.tif	Nanog
4538	9	95	0.097032682	0.081385624	Nanog_3a_ch00.tif	Nanog
4539	9	96	0.117359849	0.081115717	Nanog_3a_ch00.tif	Nanog
4540	9	97	0.112915036	0.078679741	Nanog_3a_ch00.tif	Nanog
4541	9	98	0.116631657	0.081640992	Nanog_3a_ch00.tif	Nanog
4542	9	99	0.156810207	0.080819663	Nanog_3a_ch00.tif	Nanog
4543	9	100	0.119976708	0.081265776	Nanog_3a_ch00.tif	Nanog
4544	9	101	0.127745102	0.084240198	Nanog_3a_ch00.tif	Nanog
4545	9	102	0.118362484	0.082949128	Nanog_3a_ch00.tif	Nanog
4546	9	103	0.091773008	0.066998654	Nanog_3a_ch00.tif	Nanog
4547	9	104	0.117862117	0.081176473	Nanog_3a_ch00.tif	Nanog
4548	9	105	0.121430813	0.082202596	Nanog_3a_ch00.tif	Nanog
4549	9	106	0.110068571	0.080692893	Nanog_3a_ch00.tif	Nanog
4550	9	107	0.109867794	0.080347451	Nanog_3a_ch00.tif	Nanog